All participants of the pilot study:
1006760
1066043
1111010
1133234
1237252
1249368
1259266
1284465
1295367
1366049
1438050
1446780
1499707
1509782
1594159
1605138
1630442
1647578
1672567
1684368
1688279
1693472
1699816
1757163
1797600
1814981
1878810
1896703
1947164
1967485
1977278
1990676
2058994
2063872
2085256
2091243
2121749
2128987
2155144
2219045
2235245
2336041
2412546
2418360
2456889
2494158
2499493
2522026
2575263
2596588
2649797
2670665
2683470
2728054
2777695
2801547
2803555
2804034
2816990
2859699
2941141
2965478
2973578
3016555
3017874
3045140
3096054
3102643
3120746
3147255
3166152
3204548
3218147
3237779
3262978
3269906
3359585
3376894
3386687
3387801
3393783
3429473
3450551
3497911
3617676
3651664
3651769
3653462
3654571
3698599
3700752
3755367
3776167
3797387
3825570
3833670
3891785
3904772
3922770
3955896
4075780
4095051
4151865
4157994
4181244
4189486
4212649
4225139
4245565
4255463
4256782
4258685
4286161
4316037
4371665
4414241
4442032
4469486
4520860
4521654
4572778
4582676
4586692
4633667
4683367
4683787
4730342
4734253
4736366
4743147
4756477
4771988
4802448
4829377
4847800
4851354
4861252
4869709
4876380
4889290
4894908
4895912
4912558
4922141
4928270
4942147
4946903
4968602
5096056
5118462
5134032
5139577
5151341
5181035
5189382
5191248
5270030
5286897
5289489
5291460
5306350
5341447
5382988
5384996
5467584
5468063
5471563
5471878
5487700
5519789
5556579
5585689
5628055
5640869
5745891
5763889
5818686
5866378
5873054
5912769
5923566
5937480
5938064
5959599
5977492
5983584
5996919
6003018
6029258
6036249
6062767
6102961
6161870
6169907
6188804
6192043
6216562
6217566
6308359
6308779
6316459
6322866
6336465
6380561
6401438
6436362
6438790
6507989
6517362
6520862
6560139
6563781
6586589
6631346
6759811
6800127
6815780
6875063
6890889
6925890
6928587
6933465
6949707
6960672
6974796
6991685
7007035
7012123
7038678
7053034
7061134
7064251
7076892
7079909
7089277
7142554
7165887
7182041
7204972
7220542
7286269
7294369
7309679
7313448
7325354
7357266
7370349
7404241
7419684
7429582
7438686
7453987
7470036
7539692
7549590
7576167
7622138
7630343
7639484
7640346
7688605
7695806
7699082
7727790
7734466
7756270
7785485
7791472
7839808
7851147
7873266
7883059
7891159
7911032
7948384
7960673
8008985
8014027
8017669
8026983
8072562
8086056
8086266
8096689
8112021
8125981
8190877
8239162
8246993
8270033
8293996
8318049
8335673
8345046
8363149
8418576
8480145
8560456
8565896
8578811
8593792
8683791
8775273
8786280
8862890
8884484
8890891
8948705
8971366
8987923
8994914